*----0---><----1---><----2---><----3---><----4---><----5---><----6--->
CYL              0.0       0.0       0.0      10.0       7.0       4.0
                   1         1       400        -1      DOSE   d_cyl10
*----0---><----1---><----2---><----3---><----4---><----5---><----6--->
CYL              0.0       0.0       0.0       0.1       7.0       4.0
                   1         1       400        -1      DOSE  d_cyl0p1
*----0---><----1---><----2---><----3---><----4---><----5---><----6--->
CYL              0.0       0.0       0.0      0.01       7.0       4.0
                   1         1       400        -1      DOSE  d_cyl0p01
*----0---><----1---><----2---><----3---><----4---><----5---><----6--->
CYL              0.0       0.0       0.0     0.001       7.0       4.0
                   1         1       400        -1      DOSE  d_cyl0p001
*----0---><----1---><----2---><----3---><----4---><----5---><----6--->
MSH             -0.1      -0.5       0.0       0.1       0.5       4.0
                   1       400       400        -1      DOSE  ex_yzmsh
*----0---><----1---><----2---><----3---><----4---><----5---><----6--->
CYL              0.0       0.0       0.0     0.001       7.0       4.0
                   1         1       400         2      DLET   dlet_cyl0p001
*----0---><----1---><----2---><----3---><----4---><----5---><----6--->
CYL              0.0       0.0       0.0      0.01       7.0       4.0
                   1         1       400         2      DLET   dlet_cyl0p01
*----0---><----1---><----2---><----3---><----4---><----5---><----6--->
CYL              0.0       0.0       0.0       0.1       7.0       4.0
                   1         1       400         2      DLET   dlet_cyl0p1
*----0---><----1---><----2---><----3---><----4---><----5---><----6--->
CYL              0.0       0.0       0.0       0.5       7.0       4.0
                   1         1       400         2      DLET   dlet_cyl0p5
*----0---><----1---><----2---><----3---><----4---><----5---><----6--->
CYL              0.0       0.0       0.0       1.0       7.0       4.0
                   1         1       400         2      DLET   dlet_cyl1
*----0---><----1---><----2---><----3---><----4---><----5---><----6--->
CYL              0.0       0.0       0.0     0.001       7.0       4.0
                   1         1       400         2      TLET   tlet_cyl0p001
*----0---><----1---><----2---><----3---><----4---><----5---><----6--->
CYL              0.0       0.0       0.0      0.01       7.0       4.0
                   1         1       400         2      TLET   tlet_cyl0p01
*----0---><----1---><----2---><----3---><----4---><----5---><----6--->
CYL              0.0       0.0       0.0       0.1       7.0       4.0
                   1         1       400         2      TLET   tlet_cyl0p1
*----0---><----1---><----2---><----3---><----4---><----5---><----6--->
CYL              0.0       0.0       0.0       0.5       7.0       4.0
                   1         1       400         2      TLET   tlet_cyl0p5
*----0---><----1---><----2---><----3---><----4---><----5---><----6--->
CYL              0.0       0.0       0.0       1.0       7.0       4.0
                   1         1       400         2      TLET   tlet_cyl1
*----0---><----1---><----2---><----3---><----4---><----5---><----6--->
CYL              0.0       0.0       0.0     0.001       7.0       4.0
                   1         1       400        -1      DLET   adlet_cyl0p001
*----0---><----1---><----2---><----3---><----4---><----5---><----6--->
CYL              0.0       0.0       0.0      0.01       7.0       4.0
                   1         1       400        -1      DLET   adlet_cyl0p01
*----0---><----1---><----2---><----3---><----4---><----5---><----6--->
CYL              0.0       0.0       0.0       0.1       7.0       4.0
                   1         1       400        -1      DLET   adlet_cyl0p1
*----0---><----1---><----2---><----3---><----4---><----5---><----6--->
CYL              0.0       0.0       0.0       0.5       7.0       4.0
                   1         1       400        -1      DLET   adlet_cyl0p5
*----0---><----1---><----2---><----3---><----4---><----5---><----6--->
CYL              0.0       0.0       0.0       1.0       7.0       4.0
                   1         1       400        -1      DLET   adlet_cyl1
*----0---><----1---><----2---><----3---><----4---><----5---><----6--->
CYL              0.0       0.0       0.0     0.001       7.0       4.0
                   1         1       400        -1      TLET   atlet_cyl0p001
*----0---><----1---><----2---><----3---><----4---><----5---><----6--->
CYL              0.0       0.0       0.0      0.01       7.0       4.0
                   1         1       400        -1      TLET   atlet_cyl0p01
*----0---><----1---><----2---><----3---><----4---><----5---><----6--->
CYL              0.0       0.0       0.0       0.1       7.0       4.0
                   1         1       400        -1      TLET   atlet_cyl0p1
*----0---><----1---><----2---><----3---><----4---><----5---><----6--->
CYL              0.0       0.0       0.0       0.5       7.0       4.0
                   1         1       400        -1      TLET   atlet_cyl0p5
*----0---><----1---><----2---><----3---><----4---><----5---><----6--->
CYL              0.0       0.0       0.0       1.0       7.0       4.0
                   1         1       400        -1      TLET   atlet_cyl1
