0.005 82.9367 0
0.015 82.9367 0
0.025 81.0989 0
0.035 72.8041 0
0.045 72.8041 0
0.055 74.5343 0
0.065 77.1859 0
0.075 78.4959 0
0.085 84.704 0
0.095 84.711 0
0.105 80.779 0
0.115 89.7831 0
0.125 87.7924 0
0.135 83.1499 0
0.145 87.2161 0
0.155 99.5862 0
0.165 115.805 0
0.175 121.616 0
0.185 120.216 0
0.195 116.855 0
0.205 113.526 0
0.215 117.26 0
0.225 122.619 0
0.235 128.782 0
0.245 130.499 0
0.255 131.849 0
0.265 133.587 0
0.275 121.521 0
0.285 113.421 0
0.295 116.957 0
0.305 117.479 0
0.315 120.826 0
0.325 108.007 0
0.335 92.356 0
0.345 97.59 0
0.355 98.6156 0
0.365 108.712 0
0.375 94.1723 0
0.385 85.8045 0
0.395 75.7214 0
0.405 95.7147 0
0.415 113.213 0
0.425 108.479 0
0.435 97.6788 0
0.445 83.6279 0
0.455 87.6786 0
0.465 105.01 0
0.475 107.116 0
0.485 110.789 0
0.495 95.2027 0
0.505 83.4608 0
0.515 80.4982 0
0.525 91.3259 0
0.535 92.958 0
0.545 78.1916 0
0.555 60.0743 0
0.565 57.5163 0
0.575 66.7198 0
0.585 97.9027 0
0.595 98.5543 0
0.605 91.4468 0
0.615 74.2262 0
0.625 86.5955 0
0.635 106.797 0
0.645 121.719 0
0.655 136.158 0
0.665 122.966 0
0.675 129.738 0
0.685 100.036 0
0.695 90.3895 0
0.705 86.2664 0
0.715 79.2703 0
0.725 86.8325 0
0.735 92.2809 0
0.745 99.8246 0
0.755 108.552 0
0.765 114.14 0
0.775 127.262 0
0.785 112.507 0
0.795 121.874 0
0.805 116.354 0
0.815 114.021 0
0.825 115.313 0
0.835 96.8671 0
0.845 89.3031 0
0.855 72.8538 0
0.865 63.0168 0
0.875 73.8394 0
0.885 81.8189 0
0.895 78.9434 0
0.905 96.8424 0
0.915 115.861 0
0.925 103.459 0
0.935 108.137 0
0.945 104.532 0
0.955 91.8567 0
0.965 98.016 0
0.975 131.043 0
0.985 131.622 0
0.995 147.891 0
1.005 158.577 0
1.015 180.01 0
1.025 153.09 0
1.035 141.641 0
1.045 139.423 0
1.055 121.274 0
1.065 127.644 0
1.075 85.344 0
1.085 62.9899 0
1.095 92.3254 0
1.105 83.75 0
1.115 89.9647 0
1.125 76.8683 0
1.135 78.2233 0
1.145 67.7867 0
1.155 68.9021 0
1.165 88.6474 0
1.175 67.5295 0
1.185 57.2154 0
1.195 89.401 0
1.205 76.4146 0
1.215 74.3397 0
1.225 98.2667 0
1.235 106.186 0
1.245 107.077 0
1.255 99.204 0
1.265 94.8953 0
1.275 124.087 0
1.285 134.536 0
1.295 120.614 0
1.305 119.477 0
1.315 135.975 0
1.325 153.419 0
1.335 106.524 0
1.345 102.401 0
1.355 85.7066 0
1.365 99.3369 0
1.375 112.175 0
1.385 109.844 0
1.395 143.149 0
1.405 144.76 0
1.415 179.832 0
1.425 191.173 0
1.435 157.071 0
1.445 177.525 0
1.455 187.091 0
1.465 190.274 0
1.475 202.247 0
1.485 179.54 0
1.495 163.784 0
1.505 120.913 0
1.515 96.4649 0
1.525 113.99 0
1.535 165.203 0
1.545 166.695 0
1.555 148.314 0
1.565 163.928 0
1.575 148.912 0
1.585 98.607 0
1.595 87.135 0
1.605 109.727 0
1.615 116.859 0
1.625 112.363 0
1.635 118.531 0
1.645 132.271 0
1.655 140.664 0
1.665 160.562 0
1.675 131.679 0
1.685 151.841 0
1.695 128.725 0
1.705 124.343 0
1.715 108.187 0
1.725 98.8451 0
1.735 89.1088 0
1.745 67.556 0
1.755 92.4949 0
1.765 123.681 0
1.775 107.589 0
1.785 83.6429 0
1.795 107.6 0
1.805 152.923 0
1.815 165.998 0
1.825 190.567 0
1.835 254.394 0
1.845 190.125 0
1.855 167.906 0
1.865 149.392 0
1.875 162.108 0
1.885 116.288 0
1.895 67.9533 0
1.905 93.0952 0
1.915 126.777 0
1.925 131.357 0
1.935 116.015 0
1.945 91.8763 0
1.955 104.192 0
1.965 104.816 0
1.975 95.4204 0
1.985 96.868 0
1.995 117.521 0
2.005 130.654 0
2.015 129.57 0
2.025 144.77 0
2.035 142.978 0
2.045 161.954 0
2.055 183.239 0
2.065 191.772 0
2.075 236.823 0
2.085 193.239 0
2.095 101.842 0
2.105 106.823 0
2.115 101.617 0
2.125 93.12 0
2.135 113.369 0
2.145 128.072 0
2.155 110.441 0
2.165 140.021 0
2.175 127.393 0
2.185 132.773 0
2.195 167.726 0
2.205 153.985 0
2.215 132.486 0
2.225 149.6 0
2.235 104.588 0
2.245 119.274 0
2.255 100.943 0
2.265 103.112 0
2.275 158.648 0
2.285 162.565 0
2.295 170.984 0
2.305 184.403 0
2.315 146.678 0
2.325 237.869 0
2.335 173.008 0
2.345 161.454 0
2.355 127.816 0
2.365 127.749 0
2.375 113.558 0
2.385 122.933 0
2.395 86.646 0
2.405 126.989 0
2.415 116.671 0
2.425 147.411 0
2.435 162.86 0
2.445 206.208 0
2.455 192.166 0
2.465 186.157 0
2.475 188.86 0
2.485 220.113 0
2.495 195.138 0
2.505 145.169 0
2.515 172.679 0
2.525 165.198 0
2.535 200.865 0
2.545 203.821 0
2.555 197.026 0
2.565 260.103 0
2.575 263.728 0
2.585 554.301 0
2.595 222.695 0
2.605 202.428 0
2.615 201.806 0
2.625 169.822 0
2.635 190.407 0
2.645 194.325 0
2.655 214.68 0
2.665 236.941 0
2.675 197.669 0
2.685 222.617 0
2.695 214.47 0
2.705 151.265 0
2.715 188.024 0
2.725 164.052 0
2.735 156.557 0
2.745 158.49 0
2.755 134.093 0
2.765 197.017 0
2.775 206.956 0
2.785 180.365 0
2.795 206.021 0
2.805 135.201 0
2.815 118.462 0
2.825 160.761 0
2.835 225.375 0
2.845 228.974 0
2.855 308.53 0
2.865 266.055 0
2.875 311.849 0
2.885 366.52 0
2.895 456.539 0
2.905 448.409 0
2.915 526.525 0
2.925 422.617 0
2.935 315.195 0
2.945 305.098 0
2.955 273.754 0
2.965 225.727 0
2.975 263.189 0
2.985 287.919 0
2.995 333.261 0
3.005 640.13 0
3.015 693.411 0
3.025 375.804 0
3.035 341.507 0
3.045 239.822 0
3.055 549.085 0
3.065 509.173 0
3.075 593.388 0
3.085 527.451 0
3.095 299.309 0
3.105 93.296 0
3.115 227.76 0
3.125 257.812 0
3.135 69.9625 0
3.145 0 0
3.155 22.1183 0
3.165 113.296 0
3.175 0 0
3.185 0 0
3.195 104.08 0
3.205 11.1456 0
3.215 0 0
3.225 0 0
3.235 0 0
3.245 0 0
3.255 0 0
3.265 0 0
3.275 0 0
3.285 0 0
3.295 0 0
3.305 0 0
3.315 0 0
3.325 0 0
3.335 0 0
3.345 0 0
3.355 0 0
3.365 0 0
3.375 0 0
3.385 0 0
3.395 0 0
3.405 0 0
3.415 0 0
3.425 0 0
3.435 0 0
3.445 0 0
3.455 0 0
3.465 0 0
3.475 0 0
3.485 0 0
3.495 0 0
3.505 0 0
3.515 0 0
3.525 0 0
3.535 0 0
3.545 0 0
3.555 0 0
3.565 0 0
3.575 0 0
3.585 0 0
3.595 0 0
3.605 0 0
3.615 0 0
3.625 0 0
3.635 0 0
3.645 0 0
3.655 0 0
3.665 0 0
3.675 0 0
3.685 0 0
3.695 0 0
3.705 0 0
3.715 0 0
3.725 0 0
3.735 0 0
3.745 0 0
3.755 0 0
3.765 0 0
3.775 0 0
3.785 0 0
3.795 0 0
3.805 0 0
3.815 0 0
3.825 0 0
3.835 0 0
3.845 0 0
3.855 0 0
3.865 0 0
3.875 0 0
3.885 0 0
3.895 0 0
3.905 0 0
3.915 0 0
3.925 0 0
3.935 0 0
3.945 0 0
3.955 0 0
3.965 0 0
3.975 0 0
3.985 0 0
3.995 0 0
