0.005 87.253 0
0.015 87.1095 0
0.025 87.292 0
0.035 87.5322 0
0.045 87.965 0
0.055 88.1898 0
0.065 88.1829 0
0.075 88.0295 0
0.085 88.3645 0
0.095 88.6789 0
0.105 88.2561 0
0.115 88.9261 0
0.125 88.9856 0
0.135 89.2555 0
0.145 89.6034 0
0.155 89.6555 0
0.165 89.678 0
0.175 89.4292 0
0.185 89.8503 0
0.195 90.0027 0
0.205 89.9468 0
0.215 90.2063 0
0.225 90.5913 0
0.235 90.6464 0
0.245 90.9048 0
0.255 90.8171 0
0.265 90.9078 0
0.275 91.0902 0
0.285 90.9436 0
0.295 90.9791 0
0.305 91.7125 0
0.315 91.3415 0
0.325 91.8783 0
0.335 91.8822 0
0.345 91.7138 0
0.355 92.3068 0
0.365 92.4041 0
0.375 92.7868 0
0.385 92.7506 0
0.395 92.7857 0
0.405 92.9875 0
0.415 93.5013 0
0.425 93.543 0
0.435 93.748 0
0.445 93.8091 0
0.455 93.897 0
0.465 93.7884 0
0.475 93.7086 0
0.485 93.9213 0
0.495 94.0779 0
0.505 94.4687 0
0.515 94.302 0
0.525 94.6804 0
0.535 94.6107 0
0.545 94.9261 0
0.555 94.8061 0
0.565 95.1953 0
0.575 95.1825 0
0.585 95.693 0
0.595 95.9884 0
0.605 95.715 0
0.615 96.3833 0
0.625 96.2587 0
0.635 96.3284 0
0.645 96.9753 0
0.655 96.7601 0
0.665 97.0833 0
0.675 96.853 0
0.685 97.2388 0
0.695 97.4056 0
0.705 97.1729 0
0.715 97.5713 0
0.725 97.4192 0
0.735 98.0512 0
0.745 98.2534 0
0.755 98.5573 0
0.765 98.3774 0
0.775 98.5941 0
0.785 98.8728 0
0.795 99.3311 0
0.805 99.5251 0
0.815 99.8089 0
0.825 99.8661 0
0.835 99.6198 0
0.845 100.095 0
0.855 100.01 0
0.865 100.63 0
0.875 100.322 0
0.885 100.145 0
0.895 100.431 0
0.905 100.75 0
0.915 101.024 0
0.925 100.797 0
0.935 101.077 0
0.945 101.108 0
0.955 101.498 0
0.965 101.637 0
0.975 101.653 0
0.985 102.153 0
0.995 102.172 0
1.005 102.724 0
1.015 102.531 0
1.025 102.81 0
1.035 102.933 0
1.045 102.987 0
1.055 103.587 0
1.065 104.145 0
1.075 103.778 0
1.085 104.151 0
1.095 104.673 0
1.105 104.478 0
1.115 104.383 0
1.125 105.417 0
1.135 105.343 0
1.145 105.806 0
1.155 105.991 0
1.165 105.913 0
1.175 106.051 0
1.185 106.391 0
1.195 106.271 0
1.205 106.404 0
1.215 106.291 0
1.225 106.68 0
1.235 107.035 0
1.245 107.172 0
1.255 107.632 0
1.265 107.792 0
1.275 108.33 0
1.285 108.27 0
1.295 107.95 0
1.305 108.93 0
1.315 109.162 0
1.325 109.423 0
1.335 109.301 0
1.345 109.332 0
1.355 109.914 0
1.365 110.202 0
1.375 110.149 0
1.385 110.674 0
1.395 110.67 0
1.405 111.38 0
1.415 111.544 0
1.425 111.657 0
1.435 111.876 0
1.445 111.888 0
1.455 112.741 0
1.465 112.304 0
1.475 112.759 0
1.485 113.14 0
1.495 113.676 0
1.505 113.571 0
1.515 113.785 0
1.525 114.396 0
1.535 114.604 0
1.545 114.657 0
1.555 115.058 0
1.565 115.381 0
1.575 115.58 0
1.585 115.951 0
1.595 116.349 0
1.605 116.393 0
1.615 116.248 0
1.625 117.257 0
1.635 117.382 0
1.645 117.761 0
1.655 117.89 0
1.665 118.569 0
1.675 118.525 0
1.685 119.085 0
1.695 119.256 0
1.705 119.543 0
1.715 120.117 0
1.725 120.265 0
1.735 120.696 0
1.745 121.158 0
1.755 121.753 0
1.765 121.489 0
1.775 122.054 0
1.785 122.448 0
1.795 123.092 0
1.805 123.378 0
1.815 123.399 0
1.825 124.167 0
1.835 124.803 0
1.845 125.079 0
1.855 125.09 0
1.865 125.943 0
1.875 125.868 0
1.885 125.979 0
1.895 126.702 0
1.905 127.283 0
1.915 127.81 0
1.925 128.41 0
1.935 128.28 0
1.945 128.7 0
1.955 129.333 0
1.965 129.408 0
1.975 129.745 0
1.985 130.629 0
1.995 130.553 0
2.005 131.793 0
2.015 131.64 0
2.025 132.349 0
2.035 132.815 0
2.045 133.574 0
2.055 133.93 0
2.065 134.551 0
2.075 135.226 0
2.085 135.471 0
2.095 135.989 0
2.105 136.345 0
2.115 136.988 0
2.125 137.376 0
2.135 137.687 0
2.145 138.245 0
2.155 138.581 0
2.165 139.403 0
2.175 139.957 0
2.185 140.813 0
2.195 141.349 0
2.205 141.856 0
2.215 142.089 0
2.225 142.973 0
2.235 143.741 0
2.245 144.362 0
2.255 144.895 0
2.265 145.83 0
2.275 146.68 0
2.285 147.551 0
2.295 148.126 0
2.305 148.712 0
2.315 149.447 0
2.325 150.377 0
2.335 151.418 0
2.345 152.246 0
2.355 152.914 0
2.365 153.447 0
2.375 154.421 0
2.385 155.193 0
2.395 155.743 0
2.405 156.986 0
2.415 157.556 0
2.425 158.721 0
2.435 159.849 0
2.445 160.87 0
2.455 161.342 0
2.465 162.296 0
2.475 163.476 0
2.485 164.211 0
2.495 165.5 0
2.505 166.601 0
2.515 167.452 0
2.525 168.621 0
2.535 169.793 0
2.545 171.404 0
2.555 172.501 0
2.565 174.125 0
2.575 175.566 0
2.585 176.66 0
2.595 178.082 0
2.605 179.602 0
2.615 181.003 0
2.625 182.231 0
2.635 183.709 0
2.645 185.645 0
2.655 187.542 0
2.665 188.853 0
2.675 191.103 0
2.685 193.034 0
2.695 195.248 0
2.705 197.487 0
2.715 199.282 0
2.725 202.025 0
2.735 204.508 0
2.745 207.271 0
2.755 209.411 0
2.765 212.248 0
2.775 215.056 0
2.785 218.338 0
2.795 221.539 0
2.805 225.025 0
2.815 228.592 0
2.825 232.42 0
2.835 236.747 0
2.845 241.289 0
2.855 246.347 0
2.865 251.476 0
2.875 257.208 0
2.885 263.292 0
2.895 270.124 0
2.905 277.952 0
2.915 286.458 0
2.925 295.826 0
2.935 306.496 0
2.945 319.038 0
2.955 331.733 0
2.965 344.568 0
2.975 357.658 0
2.985 370.793 0
2.995 383.159 0
3.005 393.212 0
3.015 400.832 0
3.025 404.779 0
3.035 403.32 0
3.045 396.427 0
3.055 385.446 0
3.065 365.909 0
3.075 341.498 0
3.085 312.978 0
3.095 280.787 0
3.105 246.173 0
3.115 211.317 0
3.125 177.456 0
3.135 144.921 0
3.145 116.186 0
3.155 92.0531 0
3.165 68.7837 0
3.175 50.6747 0
3.185 36.7891 0
3.195 25.814 0
3.205 17.8579 0
3.215 12.0494 0
3.225 7.82071 0
3.235 4.99918 0
3.245 3.11805 0
3.255 1.90844 0
3.265 1.0186 0
3.275 0.564692 0
3.285 0.297388 0
3.295 0.17571 0
3.305 0.0870191 0
3.315 0.0456464 0
3.325 0.0346703 0
3.335 0.0246749 0
3.345 0.0139622 0
3.355 0.00267674 0
3.365 0.00280258 0
3.375 0.00265524 0
3.385 0.0030049 0
3.395 0.0032014 0
3.405 0.0032522 0
3.415 0.00360134 0
3.425 0.00367585 0
3.435 0.00417604 0
3.445 0.00413297 0
3.455 0.004337 0
3.465 0.00487714 0
3.475 0.0116326 0
3.485 0.00711331 0
3.495 0.0112652 0
3.505 0.0059825 0
3.515 1.71197e-05 0
3.525 1.44135e-07 0
3.535 0 0
3.545 0 0
3.555 0 0
3.565 0 0
3.575 0 0
3.585 0 0
3.595 0 0
3.605 0 0
3.615 0 0
3.625 0 0
3.635 0 0
3.645 0 0
3.655 0 0
3.665 0.000483964 0
3.675 0.00517168 0
3.685 0.00581615 0
3.695 0.00695124 0
3.705 0.0113887 0
3.715 0.00619358 0
3.725 0 0
3.735 0 0
3.745 0 0
3.755 1.1821e-05 0
3.765 0 0
3.775 0 0
3.785 0 0
3.795 0 0
3.805 0 0
3.815 0 0
3.825 0 0
3.835 0 0
3.845 0 0
3.855 0 0
3.865 0 0
3.875 0.000208955 0
3.885 0.00289532 0
3.895 0.00277492 0
3.905 0.00272462 0
3.915 0.00312418 0
3.925 0.000155803 0
3.935 0 0
3.945 0 0
3.955 0 0
3.965 0 0
3.975 1.60156e-07 0
3.985 0 0
3.995 0 0
