0.005 1.1241 0
0.015 1.13069 0
0.025 1.13035 0
0.035 1.14615 0
0.045 1.1512 0
0.055 1.16049 0
0.065 1.15958 0
0.075 1.17366 0
0.085 1.16923 0
0.095 1.16523 0
0.105 1.1776 0
0.115 1.17939 0
0.125 1.19555 0
0.135 1.19055 0
0.145 1.20588 0
0.155 1.20444 0
0.165 1.20463 0
0.175 1.19698 0
0.185 1.21594 0
0.195 1.21342 0
0.205 1.2166 0
0.215 1.22565 0
0.225 1.24963 0
0.235 1.24283 0
0.245 1.24454 0
0.255 1.26143 0
0.265 1.25276 0
0.275 1.23477 0
0.285 1.2602 0
0.295 1.25345 0
0.305 1.25554 0
0.315 1.26938 0
0.325 1.27563 0
0.335 1.26257 0
0.345 1.29824 0
0.355 1.27698 0
0.365 1.27768 0
0.375 1.27122 0
0.385 1.26932 0
0.395 1.28241 0
0.405 1.29674 0
0.415 1.29833 0
0.425 1.29518 0
0.435 1.31121 0
0.445 1.30269 0
0.455 1.30967 0
0.465 1.32269 0
0.475 1.29528 0
0.485 1.30307 0
0.495 1.31399 0
0.505 1.31786 0
0.515 1.3356 0
0.525 1.3154 0
0.535 1.32083 0
0.545 1.32879 0
0.555 1.34084 0
0.565 1.34303 0
0.575 1.34119 0
0.585 1.34852 0
0.595 1.35485 0
0.605 1.34048 0
0.615 1.35874 0
0.625 1.36132 0
0.635 1.35408 0
0.645 1.35462 0
0.655 1.36495 0
0.665 1.38074 0
0.675 1.36604 0
0.685 1.36301 0
0.695 1.3693 0
0.705 1.39715 0
0.715 1.38674 0
0.725 1.39833 0
0.735 1.3935 0
0.745 1.40148 0
0.755 1.39699 0
0.765 1.38911 0
0.775 1.40023 0
0.785 1.39823 0
0.795 1.39772 0
0.805 1.40836 0
0.815 1.40787 0
0.825 1.40229 0
0.835 1.40577 0
0.845 1.39339 0
0.855 1.42281 0
0.865 1.43713 0
0.875 1.42594 0
0.885 1.42309 0
0.895 1.44872 0
0.905 1.44011 0
0.915 1.43775 0
0.925 1.44138 0
0.935 1.44272 0
0.945 1.43441 0
0.955 1.43159 0
0.965 1.45629 0
0.975 1.45223 0
0.985 1.46566 0
0.995 1.47085 0
1.005 1.47811 0
1.015 1.47183 0
1.025 1.48051 0
1.035 1.46567 0
1.045 1.49303 0
1.055 1.47715 0
1.065 1.46052 0
1.075 1.48858 0
1.085 1.4961 0
1.095 1.4953 0
1.105 1.49576 0
1.115 1.48857 0
1.125 1.51838 0
1.135 1.51573 0
1.145 1.52019 0
1.155 1.50842 0
1.165 1.51871 0
1.175 1.50834 0
1.185 1.50159 0
1.195 1.51665 0
1.205 1.51884 0
1.215 1.50904 0
1.225 1.51498 0
1.235 1.53675 0
1.245 1.54525 0
1.255 1.53914 0
1.265 1.54334 0
1.275 1.54181 0
1.285 1.5636 0
1.295 1.57678 0
1.305 1.59483 0
1.315 1.56888 0
1.325 1.5913 0
1.335 1.58441 0
1.345 1.59 0
1.355 1.6006 0
1.365 1.57107 0
1.375 1.60486 0
1.385 1.60698 0
1.395 1.60601 0
1.405 1.60403 0
1.415 1.6323 0
1.425 1.62428 0
1.435 1.60933 0
1.445 1.62158 0
1.455 1.6217 0
1.465 1.64534 0
1.475 1.63435 0
1.485 1.63715 0
1.495 1.64149 0
1.505 1.64923 0
1.515 1.66892 0
1.525 1.66855 0
1.535 1.6466 0
1.545 1.6792 0
1.555 1.66178 0
1.565 1.68092 0
1.575 1.67312 0
1.585 1.66131 0
1.595 1.67361 0
1.605 1.69245 0
1.615 1.67948 0
1.625 1.71766 0
1.635 1.71111 0
1.645 1.70812 0
1.655 1.69676 0
1.665 1.70416 0
1.675 1.71302 0
1.685 1.72495 0
1.695 1.72811 0
1.705 1.72938 0
1.715 1.74547 0
1.725 1.7322 0
1.735 1.73706 0
1.745 1.76014 0
1.755 1.75927 0
1.765 1.77488 0
1.775 1.76425 0
1.785 1.7817 0
1.795 1.79244 0
1.805 1.78821 0
1.815 1.80039 0
1.825 1.81481 0
1.835 1.80863 0
1.845 1.81353 0
1.855 1.81472 0
1.865 1.82368 0
1.875 1.83632 0
1.885 1.85267 0
1.895 1.83561 0
1.905 1.85014 0
1.915 1.84394 0
1.925 1.86067 0
1.935 1.86943 0
1.945 1.89357 0
1.955 1.90268 0
1.965 1.90427 0
1.975 1.91886 0
1.985 1.90693 0
1.995 1.90158 0
2.005 1.94475 0
2.015 1.94266 0
2.025 1.92876 0
2.035 1.94271 0
2.045 1.95717 0
2.055 1.9451 0
2.065 1.95573 0
2.075 1.97325 0
2.085 1.99181 0
2.095 1.99911 0
2.105 2.00122 0
2.115 2.0074 0
2.125 2.01575 0
2.135 2.02683 0
2.145 2.05045 0
2.155 2.04597 0
2.165 2.04938 0
2.175 2.07856 0
2.185 2.06703 0
2.195 2.08297 0
2.205 2.08911 0
2.215 2.10078 0
2.225 2.10093 0
2.235 2.10235 0
2.245 2.11932 0
2.255 2.13111 0
2.265 2.13087 0
2.275 2.15487 0
2.285 2.17406 0
2.295 2.17477 0
2.305 2.19197 0
2.315 2.20127 0
2.325 2.22657 0
2.335 2.22615 0
2.345 2.22734 0
2.355 2.24769 0
2.365 2.25922 0
2.375 2.26977 0
2.385 2.28047 0
2.395 2.29401 0
2.405 2.33081 0
2.415 2.3311 0
2.425 2.34558 0
2.435 2.36093 0
2.445 2.38471 0
2.455 2.38756 0
2.465 2.41322 0
2.475 2.44043 0
2.485 2.45704 0
2.495 2.4657 0
2.505 2.48444 0
2.515 2.49403 0
2.525 2.52465 0
2.535 2.54012 0
2.545 2.55429 0
2.555 2.57844 0
2.565 2.60644 0
2.575 2.63404 0
2.585 2.65797 0
2.595 2.68119 0
2.605 2.70037 0
2.615 2.72879 0
2.625 2.75663 0
2.635 2.79214 0
2.645 2.81823 0
2.655 2.85427 0
2.665 2.8779 0
2.675 2.91394 0
2.685 2.96155 0
2.695 2.99556 0
2.705 3.03335 0
2.715 3.08127 0
2.725 3.12843 0
2.735 3.18301 0
2.745 3.22836 0
2.755 3.27536 0
2.765 3.34689 0
2.775 3.38413 0
2.785 3.45055 0
2.795 3.52597 0
2.805 3.59509 0
2.815 3.67319 0
2.825 3.76122 0
2.835 3.84194 0
2.845 3.93688 0
2.855 4.05417 0
2.865 4.16025 0
2.875 4.28435 0
2.885 4.45548 0
2.895 4.60863 0
2.905 4.82689 0
2.915 5.06348 0
2.925 5.34917 0
2.935 5.67755 0
2.945 6.0858 0
2.955 6.54058 0
2.965 7.08869 0
2.975 7.63713 0
2.985 8.27573 0
2.995 9.00419 0
3.005 9.77589 0
3.015 10.5571 0
3.025 11.2235 0
3.035 12.0377 0
3.045 12.8663 0
3.055 13.6612 0
3.065 14.4466 0
3.075 15.1695 0
3.085 15.8794 0
3.095 16.57 0
3.105 17.2246 0
3.115 17.8887 0
3.125 18.4735 0
3.135 19.066 0
3.145 19.6821 0
3.155 20.1334 0
3.165 20.7195 0
3.175 21.2168 0
3.185 21.6877 0
3.195 22.164 0
3.205 22.6343 0
3.215 22.9092 0
3.225 23.2315 0
3.235 23.8787 0
3.245 24.3315 0
3.255 24.6959 0
3.265 24.6002 0
3.275 24.6468 0
3.285 24.4639 0
3.295 24.0886 0
3.305 24.3548 0
3.315 22.8715 0
3.325 21.3211 0
3.335 18.0292 0
3.345 16.657 0
3.355 4.4997 0
3.365 4.82387 0
3.375 5.26489 0
3.385 7.0447 0
3.395 12.8487 0
3.405 6.09915 0
3.415 9.79149 0
3.425 7.186 0
3.435 12.9671 0
3.445 14.078 0
3.455 9.5125 0
3.465 15.0117 0
3.475 13.0281 0
3.485 10.7339 0
3.495 4.05018 0
3.505 4.30198 0
3.515 4.77844 0
3.525 5.41499 0
3.535 10.8969 0
3.545 16.5186 0
3.555 4.01555 0
3.565 4.20312 0
3.575 4.4103 0
3.585 4.74933 0
3.595 5.24846 0
3.605 6.43186 0
3.615 9.65245 0
3.625 12.687 0
3.635 15.551 0
3.645 9.02346 0
3.655 7.81687 0
3.665 9.75552 0
3.675 6.14246 0
3.685 8.18164 0
3.695 16.3402 0
3.705 8.57273 0
3.715 14.8991 0
3.725 11.0996 0
3.735 18.5105 0
3.745 15.0932 0
3.755 5.02974 0
3.765 4.26059 0
3.775 5.28509 0
3.785 11.125 0
3.795 3.57796 0
3.805 3.98363 0
3.815 10.8652 0
3.825 4.37719 0
3.835 4.72052 0
3.845 5.60264 0
3.855 14.0845 0
3.865 11.1153 0
3.875 9.87661 0
3.885 11.0085 0
3.895 14.8201 0
3.905 14.0552 0
3.915 5.60723 0
3.925 11.7263 0
3.935 8.18793 0
3.945 3.97275 0
3.955 3.96178 0
3.965 4.31167 0
3.975 4.84379 0
3.985 6.07063 0
3.995 15.4124 0
