0.005 3.52381 0.113008
0.015 3.79538 0.102529
0.025 3.49886 0.105161
0.035 3.71716 0.114271
0.045 3.50169 0.103107
0.055 3.73137 0.105043
0.065 3.78791 0.106118
0.075 3.54734 0.093559
0.085 3.4907 0.0954095
0.095 3.64986 0.107535
0.105 3.53928 0.0984377
0.115 3.58725 0.108225
0.125 3.60219 0.0942829
0.135 3.61687 0.100208
0.145 3.56466 0.112399
0.155 3.4583 0.0941635
0.165 3.53565 0.104906
0.175 3.4701 0.0980009
0.185 3.28118 0.0881705
0.195 3.64541 0.105536
0.205 3.39607 0.101758
0.215 3.39492 0.0922203
0.225 3.19543 0.11104
0.235 3.10471 0.0931384
0.245 2.99481 0.0702191
0.255 3.0649 0.0901211
0.265 3.06656 0.0861387
0.275 3.01657 0.0921848
0.285 2.99486 0.0964208
0.295 2.88235 0.0912409
0.305 2.73099 0.0816719
0.315 2.66169 0.0712774
0.325 2.68013 0.0781626
0.335 2.43508 0.0707635
0.345 2.45962 0.0696061
0.355 2.45234 0.0727934
0.365 2.63755 0.0793761
0.375 2.48199 0.0730362
0.385 2.4295 0.0687166
0.395 2.23089 0.057406
0.405 2.42015 0.0759877
0.415 2.23775 0.0604477
0.425 2.28413 0.0676294
0.435 2.19269 0.0641068
0.445 2.23434 0.0711575
0.455 2.15761 0.0607197
0.465 2.05504 0.0563668
0.475 2.10366 0.0636499
0.485 2.02592 0.062937
0.495 2.05919 0.056261
0.505 1.96667 0.0621692
0.515 2.04668 0.0559479
0.525 1.92742 0.0615582
0.535 1.83212 0.0524525
0.545 1.9564 0.0534639
0.555 2.02467 0.0776413
0.565 1.92248 0.0515001
0.575 1.91016 0.0566975
0.585 1.90261 0.0532288
0.595 1.83904 0.0524011
0.605 1.8818 0.0541691
0.615 1.86709 0.0503588
0.625 1.79962 0.0444827
0.635 1.77804 0.0533312
0.645 1.83013 0.0499256
0.655 1.85646 0.0529143
0.665 1.89397 0.0606672
0.675 1.90111 0.0537733
0.685 1.81484 0.0564285
0.695 1.92672 0.0582151
0.705 1.86376 0.0566548
0.715 1.87697 0.0705954
0.725 1.89511 0.0587239
0.735 1.78726 0.0467293
0.745 1.83243 0.0569757
0.755 1.87633 0.056908
0.765 1.84091 0.058939
0.775 1.79474 0.0523267
0.785 1.69591 0.0501652
0.795 1.833 0.0569441
0.805 1.7294 0.0494353
0.815 1.75781 0.0521821
0.825 1.81297 0.063359
0.835 1.85905 0.0560772
0.845 1.84739 0.0755465
0.855 1.90239 0.0659323
0.865 1.94697 0.068569
0.875 1.80333 0.0601759
0.885 1.80217 0.0608477
0.895 2.00541 0.0876203
0.905 1.78733 0.0590508
0.915 1.86336 0.0690991
0.925 1.86946 0.0704202
0.935 1.86354 0.0599337
0.945 1.81512 0.0632601
0.955 1.88482 0.0754582
0.965 1.87117 0.0620522
0.975 1.80191 0.0573194
0.985 2.05669 0.0816677
0.995 1.85725 0.077002
1.005 1.81562 0.0581759
1.015 1.7401 0.0546756
1.025 1.95715 0.0819345
1.035 1.88023 0.0757547
1.045 1.99684 0.0908324
1.055 2.04676 0.0923004
1.065 1.92172 0.0817694
1.075 2.07469 0.0888544
1.085 2.07157 0.0826026
1.095 1.98782 0.0925045
1.105 1.99214 0.0903583
1.115 1.93806 0.100987
1.125 2.17752 0.124173
1.135 2.17568 0.108198
1.145 2.13501 0.107777
1.155 2.14955 0.101764
1.165 1.97908 0.0938999
1.175 1.95931 0.0822529
1.185 2.22508 0.108205
1.195 2.02844 0.0873951
1.205 2.11127 0.121428
1.215 1.91731 0.10319
1.225 2.01326 0.0958752
1.235 2.14324 0.102905
1.245 2.10122 0.0953689
1.255 2.01273 0.0960268
1.265 1.97643 0.100574
1.275 2.13368 0.109416
1.285 2.20295 0.115605
1.295 1.99532 0.0855255
1.305 2.22164 0.125214
1.315 2.17302 0.138322
1.325 2.13286 0.110357
1.335 2.30365 0.142606
1.345 2.17869 0.116871
1.355 2.41771 0.161528
1.365 2.05351 0.104462
1.375 2.12738 0.126324
1.385 2.17657 0.121972
1.395 2.2736 0.140804
1.405 2.10266 0.127125
1.415 2.25731 0.131988
1.425 2.45483 0.152299
1.435 2.035 0.0978007
1.445 2.45325 0.159675
1.455 2.22346 0.138644
1.465 2.56487 0.179978
1.475 2.33268 0.135652
1.485 2.35741 0.166982
1.495 2.63196 0.19307
1.505 2.10866 0.123691
1.515 2.26867 0.13517
1.525 2.2 0.110151
1.535 2.58006 0.170059
1.545 2.52507 0.169278
1.555 2.41943 0.176227
1.565 2.39335 0.14617
1.575 2.26574 0.149568
1.585 2.31068 0.158164
1.595 2.52387 0.183125
1.605 2.66172 0.21536
1.615 2.29417 0.150257
1.625 2.37015 0.166201
1.635 2.54543 0.182601
1.645 2.558 0.190017
1.655 2.18643 0.124803
1.665 2.28428 0.140345
1.675 2.38533 0.134551
1.685 2.7012 0.232765
1.695 2.56386 0.194065
1.705 2.86447 0.221311
1.715 2.48602 0.18692
1.725 3.03917 0.247083
1.735 2.49263 0.180693
1.745 2.71355 0.229966
1.755 2.8638 0.246155
1.765 2.51365 0.205041
1.775 2.70837 0.208814
1.785 2.43108 0.224038
1.795 2.96263 0.22389
1.805 2.88536 0.226442
1.815 2.40583 0.147349
1.825 2.6078 0.217105
1.835 2.89273 0.280357
1.845 2.35644 0.123054
1.855 2.67444 0.184479
1.865 2.84209 0.243104
1.875 2.757 0.193033
1.885 2.76021 0.222993
1.895 2.46856 0.216812
1.905 2.69083 0.201633
1.915 2.94728 0.24993
1.925 2.59354 0.140473
1.935 3.13603 0.295044
1.945 2.71549 0.197312
1.955 2.87178 0.224167
1.965 2.85639 0.251908
1.975 2.95837 0.224233
1.985 2.99319 0.257897
1.995 2.75296 0.261754
2.005 2.80878 0.232811
2.015 2.73185 0.238336
2.025 3.1695 0.293161
2.035 2.74773 0.233177
2.045 2.66617 0.177229
2.055 3.15311 0.259246
2.065 3.06468 0.224453
2.075 2.74501 0.181093
2.085 3.04747 0.261285
2.095 2.66464 0.214297
2.105 2.75844 0.235581
2.115 3.76874 0.358514
2.125 3.23012 0.300093
2.135 3.31123 0.328046
2.145 2.91588 0.288071
2.155 3.08051 0.258052
2.165 2.95661 0.262064
2.175 3.09978 0.272081
2.185 2.58913 0.183731
2.195 3.75848 0.364993
2.205 3.22543 0.265918
2.215 3.26859 0.286235
2.225 2.96133 0.285998
2.235 2.9173 0.235752
2.245 3.44637 0.311775
2.255 2.89678 0.242093
2.265 2.97844 0.238899
2.275 3.42901 0.327883
2.285 3.30472 0.309083
2.295 2.94324 0.228254
2.305 2.97135 0.255558
2.315 3.33473 0.271508
2.325 3.14027 0.255504
2.335 3.31429 0.392937
2.345 3.31724 0.312892
2.355 3.23874 0.287726
2.365 3.35164 0.262516
2.375 3.54576 0.359138
2.385 3.31547 0.332729
2.395 3.09352 0.205166
2.405 3.76518 0.364869
2.415 3.37175 0.267474
2.425 3.62407 0.343496
2.435 3.46694 0.31738
2.445 3.16258 0.269048
2.455 3.47985 0.381672
2.465 3.57072 0.365203
2.475 4.24548 0.370076
2.485 3.0595 0.194226
2.495 3.27173 0.255629
2.505 3.5908 0.350148
2.515 3.61333 0.311544
2.525 3.55686 0.287631
2.535 3.23153 0.18641
2.545 3.9982 0.375705
2.555 4.12086 0.388669
2.565 3.91021 0.391517
2.575 3.51596 0.303806
2.585 3.77031 0.318985
2.595 3.75612 0.284038
2.605 3.86482 0.293017
2.615 3.7225 0.306114
2.625 3.12955 0.218813
2.635 4.15921 0.360779
2.645 3.60148 0.269435
2.655 4.22453 0.365746
2.665 3.51773 0.287091
2.675 3.74733 0.256091
2.685 3.66524 0.229039
2.695 4.52065 0.39673
2.705 3.66536 0.278407
2.715 4.19594 0.292727
2.725 4.02415 0.280142
2.735 3.82937 0.285001
2.745 3.75725 0.225697
2.755 3.93767 0.241261
2.765 3.67868 0.192697
2.775 4.20604 0.274174
2.785 4.45486 0.249645
2.795 4.24054 0.262982
2.805 4.28134 0.248034
2.815 4.21079 0.234689
2.825 4.7013 0.284181
2.835 4.00041 0.148323
2.845 4.11028 0.165771
2.855 4.14299 0.184253
2.865 4.54543 0.223767
2.875 4.30466 0.135026
2.885 4.24609 0.100063
2.895 4.63729 0.207531
2.905 4.71198 0.129091
2.915 5.24468 0.203425
2.925 5.33616 0.178188
2.935 5.52113 0.135441
2.945 5.78822 0.11495
2.955 6.07853 0.0840787
2.965 6.80288 0.137958
2.975 7.22042 0.0899788
2.985 7.84037 0.12199
2.995 8.53505 0.0904976
3.005 9.10644 0.0583776
3.015 9.96413 0.0626533
3.025 10.9067 0.0936097
3.035 11.6082 0.0797053
3.045 12.5041 0.0916479
3.055 13.3723 0.117082
3.065 13.8889 0.062458
3.075 14.7516 0.0895041
3.085 15.488 0.102118
3.095 16.1028 0.0687588
3.105 17.109 0.126738
3.115 17.6721 0.118318
3.125 18.101 0.0967391
3.135 18.7839 0.0967341
3.145 19.3543 0.0965845
3.155 19.9831 0.129501
3.165 20.5619 0.150613
3.175 20.9213 0.176753
3.185 21.4516 0.19926
3.195 22.3131 0.232076
3.205 22.0774 0.307421
3.215 21.9881 0.341818
3.225 22.6845 0.382354
3.235 22.5486 0.606939
3.245 24.0224 0.802994
3.255 24.2618 1.2878
3.265 16.3741 1.54254
3.275 10.6929 1.56118
3.285 6.78856 1.39033
3.295 5.45287 1.32893
3.305 2.89502 0.985316
3.315 1.6489 0.758941
3.325 1.29307 0.682884
3.335 0.412251 0.320398
3.345 0.173919 0.173919
3.355 0.452295 0.452295
3.365 0 0
3.375 0 0
3.385 0 0
3.395 0 0
3.405 0 0
3.415 0 0
3.425 0 0
3.435 0 0
3.445 0 0
3.455 0.0437544 0.0437544
3.465 0.0450802 0.0450802
3.475 0.0468925 0.0468925
3.485 0.0491326 0.0491326
3.495 0.0507152 0.0507152
3.505 0.0304957 0.0304957
3.515 0.0307751 0.0307751
3.525 0.0312567 0.0312567
3.535 0.0317788 0.0317788
3.545 0.0323063 0.0323063
3.555 0.0328136 0.0328136
3.565 0.033474 0.033474
3.575 0.0342423 0.0342423
3.585 0 0
3.595 0 0
3.605 0 0
3.615 0 0
3.625 0 0
3.635 0 0
3.645 0 0
3.655 0 0
3.665 0 0
3.675 0 0
3.685 0.570632 0.570632
3.695 0 0
3.705 0 0
3.715 0 0
3.725 0 0
3.735 0 0
3.745 0 0
3.755 0 0
3.765 0 0
3.775 0 0
3.785 0.0272511 0.0272511
3.795 0.0274479 0.0274479
3.805 0.0278592 0.0278592
3.815 0.0282374 0.0282374
3.825 0.0283826 0.0283826
3.835 0 0
3.845 0 0
3.855 0 0
3.865 0 0
3.875 0 0
3.885 0 0
3.895 0 0
3.905 0 0
3.915 0 0
3.925 0 0
3.935 0 0
3.945 0 0
3.955 0 0
3.965 0 0
3.975 0 0
3.985 0 0
3.995 0 0
