0.005 1.0898 4.05965e-05
0.015 1.09173 4.42304e-05
0.025 1.09372 4.36259e-05
0.035 1.09772 4.04487e-05
0.045 1.0984 4.5044e-05
0.055 1.10101 4.29213e-05
0.065 1.10394 4.24039e-05
0.075 1.10445 4.54538e-05
0.085 1.10816 4.71113e-05
0.095 1.10977 4.466e-05
0.105 1.11068 4.43055e-05
0.115 1.11479 4.27362e-05
0.125 1.11558 4.35273e-05
0.135 1.11747 4.51768e-05
0.145 1.12062 4.37599e-05
0.155 1.12097 4.37041e-05
0.165 1.12439 5.0136e-05
0.175 1.12612 4.50858e-05
0.185 1.12711 4.65102e-05
0.195 1.1308 4.46556e-05
0.205 1.13146 4.56264e-05
0.215 1.13393 4.35136e-05
0.225 1.13653 4.46643e-05
0.235 1.13736 4.47355e-05
0.245 1.14071 4.516e-05
0.255 1.14184 4.78844e-05
0.265 1.14376 4.55673e-05
0.275 1.14665 4.7623e-05
0.285 1.14744 4.8168e-05
0.295 1.15045 5.11874e-05
0.305 1.15202 4.56434e-05
0.315 1.15379 4.66491e-05
0.325 1.15645 4.33879e-05
0.335 1.15761 4.60818e-05
0.345 1.16039 4.75093e-05
0.355 1.16207 4.54061e-05
0.365 1.16397 4.80616e-05
0.375 1.16653 5.25863e-05
0.385 1.16791 5.07712e-05
0.395 1.17056 4.83505e-05
0.405 1.17224 4.74851e-05
0.415 1.17429 4.62509e-05
0.425 1.17656 4.89221e-05
0.435 1.17826 4.82999e-05
0.445 1.18078 4.65668e-05
0.455 1.18252 4.94096e-05
0.465 1.1848 4.6645e-05
0.475 1.18682 4.88484e-05
0.485 1.18886 4.88808e-05
0.495 1.19121 5.00805e-05
0.505 1.19304 5.18569e-05
0.515 1.19532 4.59848e-05
0.525 1.19733 4.65329e-05
0.535 1.19956 4.73362e-05
0.545 1.20164 4.82324e-05
0.555 1.20372 4.70072e-05
0.565 1.20591 4.61263e-05
0.575 1.20805 5.15013e-05
0.585 1.21024 4.64893e-05
0.595 1.21229 4.57353e-05
0.605 1.21456 4.45116e-05
0.615 1.21674 4.50224e-05
0.625 1.21891 4.6189e-05
0.635 1.22113 4.60666e-05
0.645 1.22336 4.52687e-05
0.655 1.22557 4.8927e-05
0.665 1.2277 4.67801e-05
0.675 1.23008 4.85629e-05
0.685 1.23223 4.98302e-05
0.695 1.23457 4.84119e-05
0.705 1.23677 5.12308e-05
0.715 1.23903 4.85664e-05
0.725 1.24131 4.60097e-05
0.735 1.24369 5.16896e-05
0.745 1.24589 5.04519e-05
0.755 1.24811 4.71218e-05
0.765 1.25043 4.46669e-05
0.775 1.25281 4.83769e-05
0.785 1.25515 5.32598e-05
0.795 1.25755 5.04636e-05
0.805 1.25994 4.75022e-05
0.815 1.26234 4.85511e-05
0.825 1.26469 4.83754e-05
0.835 1.26718 4.81607e-05
0.845 1.26961 5.38402e-05
0.855 1.27217 4.94793e-05
0.865 1.27467 4.90221e-05
0.875 1.27722 4.90854e-05
0.885 1.27986 4.72715e-05
0.895 1.2824 4.90487e-05
0.905 1.28509 4.93915e-05
0.915 1.28774 4.51556e-05
0.925 1.29044 5.0408e-05
0.935 1.2931 4.85552e-05
0.945 1.29584 5.04899e-05
0.955 1.29859 5.22166e-05
0.965 1.30134 4.56804e-05
0.975 1.30413 5.03839e-05
0.985 1.30704 4.83384e-05
0.995 1.3099 5.01056e-05
1.005 1.31274 5.18909e-05
1.015 1.31556 4.60674e-05
1.025 1.31849 5.03305e-05
1.035 1.3214 4.85702e-05
1.045 1.32436 4.67094e-05
1.055 1.32734 5.23634e-05
1.065 1.3303 4.80131e-05
1.075 1.33326 4.93939e-05
1.085 1.33623 4.98308e-05
1.095 1.33922 4.88199e-05
1.105 1.34226 5.06192e-05
1.115 1.34535 5.16345e-05
1.125 1.34857 5.16633e-05
1.135 1.35162 5.44079e-05
1.145 1.35471 5.36095e-05
1.155 1.35784 4.7335e-05
1.165 1.361 5.01124e-05
1.175 1.36423 5.22474e-05
1.185 1.36735 4.82655e-05
1.195 1.37063 4.73153e-05
1.205 1.37382 5.1515e-05
1.215 1.37715 4.84765e-05
1.225 1.38041 5.23181e-05
1.235 1.38371 5.26777e-05
1.245 1.38705 5.17584e-05
1.255 1.39037 4.94205e-05
1.265 1.39371 4.81901e-05
1.275 1.39727 4.68621e-05
1.285 1.40069 4.89151e-05
1.295 1.40405 5.25928e-05
1.305 1.40757 5.54051e-05
1.315 1.41109 5.04279e-05
1.325 1.41453 5.39605e-05
1.335 1.41805 5.0432e-05
1.345 1.42163 5.14897e-05
1.355 1.42528 5.18798e-05
1.365 1.42889 5.08506e-05
1.375 1.43253 4.82431e-05
1.385 1.43628 5.15091e-05
1.395 1.43989 5.01878e-05
1.405 1.44366 5.01762e-05
1.415 1.44732 5.3589e-05
1.425 1.45111 5.34298e-05
1.435 1.45498 4.65858e-05
1.445 1.45872 5.03336e-05
1.455 1.46261 5.15354e-05
1.465 1.46638 4.65327e-05
1.475 1.47039 4.71924e-05
1.485 1.47427 4.99371e-05
1.495 1.4782 5.4137e-05
1.505 1.48226 5.07263e-05
1.515 1.48627 4.67225e-05
1.525 1.49031 5.03063e-05
1.535 1.49448 4.97938e-05
1.545 1.49862 4.77792e-05
1.555 1.50279 5.12152e-05
1.565 1.50701 5.13467e-05
1.575 1.51148 5.23256e-05
1.585 1.51585 5.06333e-05
1.595 1.52032 5.14129e-05
1.605 1.52485 5.01635e-05
1.615 1.52947 4.84523e-05
1.625 1.53421 4.9004e-05
1.635 1.53894 4.932e-05
1.645 1.54382 5.10992e-05
1.655 1.54882 5.05113e-05
1.665 1.55377 4.86887e-05
1.675 1.55878 5.14854e-05
1.685 1.56394 5.01148e-05
1.695 1.56916 5.4865e-05
1.705 1.57438 4.99368e-05
1.715 1.57969 5.03418e-05
1.725 1.58522 5.37391e-05
1.735 1.59057 5.03118e-05
1.745 1.59603 4.6425e-05
1.755 1.60172 5.14138e-05
1.765 1.60732 5.22866e-05
1.775 1.61302 5.15102e-05
1.785 1.61868 4.88586e-05
1.795 1.62449 4.96775e-05
1.805 1.63028 5.06784e-05
1.815 1.63626 4.97728e-05
1.825 1.64214 5.54162e-05
1.835 1.64816 5.20892e-05
1.845 1.65421 5.12034e-05
1.855 1.66032 5.30991e-05
1.865 1.66658 5.62684e-05
1.875 1.67285 5.50977e-05
1.885 1.67921 5.37018e-05
1.895 1.6855 4.83759e-05
1.905 1.69202 5.12513e-05
1.915 1.69863 5.24065e-05
1.925 1.70501 4.95591e-05
1.935 1.7117 5.60213e-05
1.945 1.71845 5.30539e-05
1.955 1.72517 5.31562e-05
1.965 1.73205 5.28332e-05
1.975 1.73903 5.66574e-05
1.985 1.74596 5.38731e-05
1.995 1.75301 5.50499e-05
2.005 1.76012 5.11501e-05
2.015 1.76744 5.4366e-05
2.025 1.77467 5.33646e-05
2.035 1.78198 5.7701e-05
2.045 1.78945 5.31017e-05
2.055 1.797 5.45922e-05
2.065 1.80449 5.76879e-05
2.075 1.81226 5.35306e-05
2.085 1.8199 5.30624e-05
2.095 1.82773 5.31323e-05
2.105 1.83583 5.64793e-05
2.115 1.84395 5.1313e-05
2.125 1.85202 5.39923e-05
2.135 1.86037 5.1831e-05
2.145 1.86863 5.41682e-05
2.155 1.87724 5.70736e-05
2.165 1.88603 5.15074e-05
2.175 1.89495 5.5685e-05
2.185 1.90405 5.06611e-05
2.195 1.91338 5.63708e-05
2.205 1.9228 5.08804e-05
2.215 1.93265 5.32116e-05
2.225 1.94256 5.46106e-05
2.235 1.95265 5.1865e-05
2.245 1.96307 5.43343e-05
2.255 1.97371 5.0468e-05
2.265 1.98455 5.70832e-05
2.275 1.99564 4.98853e-05
2.285 2.00693 5.52291e-05
2.295 2.01832 5.34458e-05
2.305 2.0299 5.62339e-05
2.315 2.04184 5.09184e-05
2.325 2.05392 5.60235e-05
2.335 2.0662 5.62955e-05
2.345 2.07869 5.16128e-05
2.355 2.09126 5.37869e-05
2.365 2.10435 5.48129e-05
2.375 2.11754 5.39452e-05
2.385 2.13096 5.30773e-05
2.395 2.14472 5.25671e-05
2.405 2.15878 5.08586e-05
2.415 2.17311 5.38424e-05
2.425 2.18778 5.21398e-05
2.435 2.20295 5.202e-05
2.445 2.21828 5.28693e-05
2.455 2.23408 5.4936e-05
2.465 2.25027 5.38252e-05
2.475 2.2669 5.71297e-05
2.485 2.28407 5.29716e-05
2.495 2.3017 5.55194e-05
2.505 2.31966 5.44693e-05
2.515 2.33816 5.2719e-05
2.525 2.3571 5.28813e-05
2.535 2.37655 5.55536e-05
2.545 2.39648 4.98068e-05
2.555 2.41682 4.86806e-05
2.565 2.4379 5.15898e-05
2.575 2.45946 5.15415e-05
2.585 2.48168 5.0661e-05
2.595 2.50468 4.93964e-05
2.605 2.52823 5.29262e-05
2.615 2.5526 4.75318e-05
2.625 2.57792 4.61087e-05
2.635 2.60408 4.89667e-05
2.645 2.63124 4.60371e-05
2.655 2.65948 4.73155e-05
2.665 2.68885 4.74687e-05
2.675 2.71949 4.82124e-05
2.685 2.75135 4.39732e-05
2.695 2.7846 4.45308e-05
2.705 2.81918 4.50237e-05
2.715 2.8552 4.50527e-05
2.725 2.89286 4.33273e-05
2.735 2.93227 4.90192e-05
2.745 2.97339 5.02055e-05
2.755 3.01662 4.70211e-05
2.765 3.06201 4.43232e-05
2.775 3.10986 4.83613e-05
2.785 3.16042 4.36272e-05
2.795 3.21391 4.63446e-05
2.805 3.27075 4.55338e-05
2.815 3.33133 4.78633e-05
2.825 3.39598 4.89511e-05
2.835 3.46543 4.65796e-05
2.845 3.54005 4.97112e-05
2.855 3.62058 5.38958e-05
2.865 3.70787 5.38269e-05
2.875 3.8031 5.54291e-05
2.885 3.90748 6.15141e-05
2.895 4.02271 6.26566e-05
2.905 4.1504 6.48877e-05
2.915 4.29302 7.18197e-05
2.925 4.45286 8.00529e-05
2.935 4.63244 9.08096e-05
2.945 4.83429 8.87579e-05
2.955 5.06084 0.000109693
2.965 5.31349 0.000116953
2.975 5.59359 0.000127624
2.985 5.90125 0.000142817
2.995 6.23534 0.00015525
3.005 6.59404 0.000170177
3.015 6.97542 0.000175183
3.025 7.37597 0.000205967
3.035 7.79193 0.000231891
3.045 8.2193 0.000272493
3.055 8.65504 0.000256133
3.065 9.09575 0.00029636
3.075 9.53773 0.000305578
3.085 9.97909 0.000333012
3.095 10.4175 0.000420086
3.105 10.8512 0.000446422
3.115 11.2766 0.000513162
3.125 11.6952 0.000562734
3.135 12.106 0.000702386
3.145 12.5088 0.000835277
3.155 12.9016 0.000963411
3.165 13.2846 0.00110156
3.175 13.6585 0.00132503
3.185 14.0241 0.001695
3.195 14.3765 0.00203834
3.205 14.7215 0.00253153
3.215 15.0584 0.00302891
3.225 15.375 0.00382041
3.235 15.6757 0.00461353
3.245 15.9645 0.006558
3.255 16.213 0.00850063
3.265 16.3996 0.0109543
3.275 16.4451 0.014618
3.285 16.3721 0.0218855
3.295 16.0016 0.0316719
3.305 15.0824 0.0408772
3.315 13.5433 0.0557561
3.325 11.681 0.0732156
3.335 9.71159 0.090635
3.345 8.23532 0.102568
3.355 7.30454 0.10745
3.365 6.59639 0.0969038
3.375 6.43706 0.0907388
3.385 6.04619 0.0931196
3.395 6.13648 0.102258
3.405 6.02623 0.0929127
3.415 6.15283 0.109474
3.425 6.13285 0.102868
3.435 6.17728 0.103977
3.445 6.22214 0.112744
3.455 6.18037 0.103651
3.465 5.94772 0.0890091
3.475 6.05519 0.104488
3.485 6.05325 0.101385
3.495 6.17364 0.111473
3.505 6.12294 0.10554
3.515 5.99691 0.105297
3.525 6.17239 0.10995
3.535 6.20677 0.116059
3.545 6.10303 0.102244
3.555 6.01691 0.0961924
3.565 6.0971 0.106096
3.575 6.20713 0.110624
3.585 6.06851 0.100313
3.595 6.03095 0.0974919
3.605 6.00275 0.105366
3.615 6.19292 0.114006
3.625 5.8548 0.0967977
3.635 6.06457 0.104891
3.645 6.02273 0.111119
3.655 6.08694 0.110954
3.665 6.18781 0.117948
3.675 6.19692 0.110779
3.685 6.02165 0.0998865
3.695 6.13362 0.113594
3.705 6.11023 0.111935
3.715 6.14109 0.11134
3.725 6.25408 0.126886
3.735 5.88293 0.104764
3.745 6.03769 0.112311
3.755 6.10568 0.119703
3.765 6.17363 0.114891
3.775 6.12222 0.116169
3.785 6.1107 0.108987
3.795 6.02147 0.107834
3.805 6.08808 0.112069
3.815 5.91052 0.106782
3.825 5.9608 0.102216
3.835 6.17471 0.117432
3.845 6.36902 0.122951
3.855 6.20864 0.122442
3.865 5.89128 0.10433
3.875 6.08312 0.113952
3.885 6.27635 0.143491
3.895 6.16329 0.130235
3.905 6.03742 0.143131
3.915 5.90545 0.112582
3.925 6.02861 0.119595
3.935 6.16542 0.121284
3.945 5.90378 0.108728
3.955 5.85196 0.111331
3.965 6.05374 0.122219
3.975 6.08436 0.127739
3.985 6.24835 0.132256
3.995 5.77171 0.104481
