0.005 346.155 0
0.015 347.193 0
0.025 348.286 0
0.035 349.766 0
0.045 350.023 0
0.055 350.907 0
0.065 351.52 0
0.075 351.391 0
0.085 352.578 0
0.095 353.19 0
0.105 353.119 0
0.115 354.013 0
0.125 354.533 0
0.135 355.326 0
0.145 355.76 0
0.155 355.681 0
0.165 356.947 0
0.175 357.058 0
0.185 357.032 0
0.195 357.757 0
0.205 358.379 0
0.215 359 0
0.225 359.805 0
0.235 359.944 0
0.245 360.39 0
0.255 361.085 0
0.265 361.314 0
0.275 362.085 0
0.285 362.671 0
0.295 363.605 0
0.305 364.308 0
0.315 364.188 0
0.325 365.402 0
0.335 365.832 0
0.345 366.527 0
0.355 366.975 0
0.365 367.022 0
0.375 367.408 0
0.385 367.796 0
0.395 368.601 0
0.405 369.09 0
0.415 369.634 0
0.425 370.415 0
0.435 370.328 0
0.445 371.223 0
0.455 371.778 0
0.465 372.384 0
0.475 372.415 0
0.485 373.328 0
0.495 373.625 0
0.505 374.144 0
0.515 374.669 0
0.525 375.234 0
0.535 375.356 0
0.545 376.261 0
0.555 377.093 0
0.565 377.755 0
0.575 378.554 0
0.585 378.291 0
0.595 378.912 0
0.605 379.183 0
0.615 380.034 0
0.625 380.871 0
0.635 381.163 0
0.645 381.336 0
0.655 381.699 0
0.665 382.564 0
0.675 383.594 0
0.685 384.018 0
0.695 383.959 0
0.705 384.802 0
0.715 385.152 0
0.725 386.355 0
0.735 386.872 0
0.745 387.906 0
0.755 388.184 0
0.765 388.46 0
0.775 389.674 0
0.785 389.61 0
0.795 390.237 0
0.805 390.699 0
0.815 390.587 0
0.825 391.788 0
0.835 392.525 0
0.845 393.464 0
0.855 393.939 0
0.865 394.66 0
0.875 394.975 0
0.885 395.397 0
0.895 395.802 0
0.905 396.982 0
0.915 397.207 0
0.925 397.987 0
0.935 399.081 0
0.945 399.251 0
0.955 399.949 0
0.965 400.593 0
0.975 401.421 0
0.985 402.141 0
0.995 403.647 0
1.005 404.296 0
1.015 405.313 0
1.025 405.074 0
1.035 406.319 0
1.045 407.296 0
1.055 407.522 0
1.065 408.04 0
1.075 409.034 0
1.085 409.983 0
1.095 410.362 0
1.105 411.157 0
1.115 412.06 0
1.125 412.911 0
1.135 413.285 0
1.145 413.854 0
1.155 414.932 0
1.165 416.174 0
1.175 416.72 0
1.185 416.882 0
1.195 418.125 0
1.205 419.292 0
1.215 420.217 0
1.225 420.838 0
1.235 421.802 0
1.245 422.775 0
1.255 423.637 0
1.265 424.311 0
1.275 424.866 0
1.285 426.067 0
1.295 426.401 0
1.305 427.081 0
1.315 428.165 0
1.325 428.59 0
1.335 429.547 0
1.345 430.427 0
1.355 431.015 0
1.365 432.51 0
1.375 433.664 0
1.385 434.23 0
1.395 435.38 0
1.405 435.947 0
1.415 437.553 0
1.425 437.971 0
1.435 439.143 0
1.445 440.299 0
1.455 440.951 0
1.465 442.192 0
1.475 442.735 0
1.485 443.844 0
1.495 444.415 0
1.505 444.987 0
1.515 446.561 0
1.525 447.687 0
1.535 448.838 0
1.545 450.072 0
1.555 450.833 0
1.565 452.11 0
1.575 452.727 0
1.585 453.407 0
1.595 455.072 0
1.605 455.863 0
1.615 456.773 0
1.625 458.624 0
1.635 459.133 0
1.645 460.646 0
1.655 461.374 0
1.665 463.23 0
1.675 464.2 0
1.685 465.592 0
1.695 466.792 0
1.705 467.956 0
1.715 469.571 0
1.725 471.046 0
1.735 471.424 0
1.745 473.2 0
1.755 474.816 0
1.765 476.102 0
1.775 476.795 0
1.785 478.477 0
1.795 479.761 0
1.805 480.762 0
1.815 482.794 0
1.825 483.317 0
1.835 485.017 0
1.845 486.38 0
1.855 488.362 0
1.865 489.146 0
1.875 490.144 0
1.885 492.011 0
1.895 493.301 0
1.905 494.599 0
1.915 495.269 0
1.925 497.53 0
1.935 498.573 0
1.945 500.521 0
1.955 501.284 0
1.965 501.994 0
1.975 504.586 0
1.985 505.43 0
1.995 506.705 0
2.005 507.967 0
2.015 509.448 0
2.025 510.731 0
2.035 511.572 0
2.045 513.077 0
2.055 515.07 0
2.065 515.672 0
2.075 517.258 0
2.085 518.903 0
2.095 519.702 0
2.105 521.377 0
2.115 522.442 0
2.125 523.56 0
2.135 524.763 0
2.145 525.791 0
2.155 527.253 0
2.165 528.809 0
2.175 530.296 0
2.185 531.463 0
2.195 531.875 0
2.205 534.051 0
2.215 534.9 0
2.225 536.459 0
2.235 537.889 0
2.245 538.888 0
2.255 540.346 0
2.265 541.697 0
2.275 544.201 0
2.285 544.753 0
2.295 546.55 0
2.305 548.188 0
2.315 549.022 0
2.325 550.898 0
2.335 552.462 0
2.345 554.172 0
2.355 555.306 0
2.365 557.122 0
2.375 558.622 0
2.385 560.339 0
2.395 562.524 0
2.405 563.822 0
2.415 564.957 0
2.425 566.638 0
2.435 568.215 0
2.445 569.821 0
2.455 572.293 0
2.465 573.808 0
2.475 575.597 0
2.485 577.168 0
2.495 579.517 0
2.505 580.827 0
2.515 583.26 0
2.525 584.874 0
2.535 587.117 0
2.545 589.613 0
2.555 591.774 0
2.565 594.271 0
2.575 597.011 0
2.585 599.082 0
2.595 601.368 0
2.605 604.018 0
2.615 606.42 0
2.625 609.694 0
2.635 612.539 0
2.645 615.592 0
2.655 618.688 0
2.665 622.045 0
2.675 625.565 0
2.685 629.888 0
2.695 634.06 0
2.705 637.833 0
2.715 642.285 0
2.725 646.972 0
2.735 651.58 0
2.745 656.248 0
2.755 661.896 0
2.765 667.603 0
2.775 673.669 0
2.785 679.995 0
2.795 687.341 0
2.805 694.842 0
2.815 702.667 0
2.825 711.54 0
2.835 720.864 0
2.845 731.339 0
2.855 742.541 0
2.865 754.367 0
2.875 768.084 0
2.885 782.969 0
2.895 799.89 0
2.905 818.201 0
2.915 839.199 0
2.925 861.996 0
2.935 887.683 0
2.945 916.503 0
2.955 947.915 0
2.965 981.722 0
2.975 1015.08 0
2.985 1047.97 0
2.995 1079.49 0
3.005 1105.59 0
3.015 1123.27 0
3.025 1129.93 0
3.035 1124.51 0
3.045 1104.08 0
3.055 1066.78 0
3.065 1014.52 0
3.075 946.889 0
3.085 867.277 0
3.095 778.68 0
3.105 684.159 0
3.115 585.461 0
3.125 491.073 0
3.135 402.904 0
3.145 322.42 0
3.155 252.304 0
3.165 191.819 0
3.175 141.71 0
3.185 102.062 0
3.195 72.7841 0
3.205 50.1645 0
3.215 33.5692 0
3.225 22.3514 0
3.235 14.4923 0
3.245 8.65559 0
3.255 5.50269 0
3.265 3.2309 0
3.275 1.7785 0
3.285 1.00831 0
3.295 0.56656 0
3.305 0.29543 0
3.315 0.171515 0
3.325 0.0864896 0
3.335 0.044899 0
3.345 0.0414558 0
3.355 0.00710215 0
3.365 0.00366115 0
3.375 0.00475517 0
3.385 0.00487556 0
3.395 0.00518896 0
3.405 0.00479441 0
3.415 0.00467338 0
3.425 0.00487357 0
3.435 0.00514133 0
3.445 0.00564307 0
3.455 0.00508842 0
3.465 0.00506412 0
3.475 0.00537847 0
3.485 0.0060282 0
3.495 0.00643412 0
3.505 0.00586216 0
3.515 0.00649207 0
3.525 0.00649713 0
3.535 0.0186321 0
3.545 0.0074755 0
3.555 0.00821665 0
3.565 0.0102917 0
3.575 0.00911147 0
3.585 0.00560335 0
3.595 0.00352097 0
3.605 0.00354395 0
3.615 0.0035851 0
3.625 0.00390525 0
3.635 0.00404857 0
3.645 0.00416333 0
3.655 0.00457909 0
3.665 0.00462566 0
3.675 0.00533957 0
3.685 0.00846656 0
3.695 0.00318336 0
3.705 0.00187116 0
3.715 0.019277 0
3.725 0.00243034 0
3.735 0.00257549 0
3.745 0.00669164 0
3.755 0.00661155 0
3.765 0.00690931 0
3.775 0 0
3.785 0 0
3.795 0 0
3.805 0 0
3.815 0 0
3.825 0 0
3.835 0 0
3.845 0 0
3.855 0 0
3.865 7.77729e-05 0
3.875 0.0020647 0
3.885 7.52935e-05 0
3.895 0 0
3.905 0 0
3.915 0.00538702 0
3.925 0 0
3.935 0 0
3.945 0 0
3.955 0 0
3.965 1.95721e-06 0
3.975 0 0
3.985 0 0
3.995 0 0
