0.005 0.0347332 0
0.015 0.0348148 0
0.025 0.0348784 0
0.035 0.0350744 0
0.045 0.0351145 0
0.055 0.035174 0
0.065 0.0352506 0
0.075 0.0353223 0
0.085 0.0353698 0
0.095 0.035426 0
0.105 0.0354488 0
0.115 0.0356056 0
0.125 0.0356516 0
0.135 0.0356725 0
0.145 0.0358587 0
0.155 0.0358724 0
0.165 0.0359583 0
0.175 0.0359651 0
0.185 0.0360304 0
0.195 0.0361281 0
0.205 0.0361845 0
0.215 0.0362701 0
0.225 0.036349 0
0.235 0.0363197 0
0.245 0.0364384 0
0.255 0.0364918 0
0.265 0.0365332 0
0.275 0.0366115 0
0.285 0.0367062 0
0.295 0.0367528 0
0.305 0.0368596 0
0.315 0.0368375 0
0.325 0.0369059 0
0.335 0.0370051 0
0.345 0.0370889 0
0.355 0.0371164 0
0.365 0.0372178 0
0.375 0.0372783 0
0.385 0.0373386 0
0.395 0.0373705 0
0.405 0.0374571 0
0.415 0.0375169 0
0.425 0.0375593 0
0.435 0.0376438 0
0.445 0.0377485 0
0.455 0.0377429 0
0.465 0.0378525 0
0.475 0.0378875 0
0.485 0.0379966 0
0.495 0.0381036 0
0.505 0.0381241 0
0.515 0.0382277 0
0.525 0.0382903 0
0.535 0.0383223 0
0.545 0.0384256 0
0.555 0.0384114 0
0.565 0.0384853 0
0.575 0.0385234 0
0.585 0.0386344 0
0.595 0.0386693 0
0.605 0.0388424 0
0.615 0.0388735 0
0.625 0.0389769 0
0.635 0.0390428 0
0.645 0.0391563 0
0.655 0.039177 0
0.665 0.0393504 0
0.675 0.0393462 0
0.685 0.0394388 0
0.695 0.03944 0
0.705 0.0395203 0
0.715 0.0395976 0
0.725 0.0397254 0
0.735 0.0397939 0
0.745 0.0398212 0
0.755 0.0398616 0
0.765 0.0399911 0
0.775 0.0400008 0
0.785 0.0401684 0
0.795 0.0401767 0
0.805 0.0402772 0
0.815 0.040329 0
0.825 0.0403622 0
0.835 0.0404077 0
0.845 0.0405133 0
0.855 0.0405752 0
0.865 0.0406555 0
0.875 0.0407314 0
0.885 0.0409155 0
0.895 0.0409315 0
0.905 0.0410537 0
0.915 0.0411057 0
0.925 0.0411752 0
0.935 0.0413818 0
0.945 0.0413914 0
0.955 0.0414832 0
0.965 0.0415313 0
0.975 0.0416823 0
0.985 0.0417527 0
0.995 0.0418691 0
1.005 0.0419188 0
1.015 0.0420101 0
1.025 0.0420514 0
1.035 0.0421468 0
1.045 0.0423165 0
1.055 0.0423286 0
1.065 0.0424529 0
1.075 0.0425356 0
1.085 0.0426633 0
1.095 0.0427014 0
1.105 0.0428767 0
1.115 0.0429423 0
1.125 0.0429808 0
1.135 0.0430702 0
1.145 0.0431335 0
1.155 0.0432467 0
1.165 0.0433575 0
1.175 0.043501 0
1.185 0.0435591 0
1.195 0.0437615 0
1.205 0.0439243 0
1.215 0.0439514 0
1.225 0.0440149 0
1.235 0.0441127 0
1.245 0.0442362 0
1.255 0.0443941 0
1.265 0.0444505 0
1.275 0.044571 0
1.285 0.0445965 0
1.295 0.0447797 0
1.305 0.0448435 0
1.315 0.0449462 0
1.325 0.0450732 0
1.335 0.0451263 0
1.345 0.0452491 0
1.355 0.0453793 0
1.365 0.0454935 0
1.375 0.0455765 0
1.385 0.045774 0
1.395 0.0458485 0
1.405 0.045937 0
1.415 0.0459891 0
1.425 0.0460605 0
1.435 0.0462101 0
1.445 0.0463351 0
1.455 0.0465423 0
1.465 0.0466381 0
1.475 0.0467371 0
1.485 0.0468013 0
1.495 0.047012 0
1.505 0.0470346 0
1.515 0.0471147 0
1.525 0.0472195 0
1.535 0.0474 0
1.545 0.0475727 0
1.555 0.047698 0
1.565 0.0477935 0
1.575 0.0479379 0
1.585 0.0480639 0
1.595 0.0481763 0
1.605 0.0483363 0
1.615 0.0484315 0
1.625 0.0486163 0
1.635 0.0486723 0
1.645 0.0488572 0
1.655 0.0490544 0
1.665 0.0492046 0
1.675 0.049351 0
1.685 0.0495269 0
1.695 0.0496623 0
1.705 0.0498789 0
1.715 0.0500235 0
1.725 0.0501483 0
1.735 0.0503837 0
1.745 0.0505572 0
1.755 0.0506893 0
1.765 0.0508472 0
1.775 0.050978 0
1.785 0.0511743 0
1.795 0.0513902 0
1.805 0.0515334 0
1.815 0.0516871 0
1.825 0.0519301 0
1.835 0.052064 0
1.845 0.0522298 0
1.855 0.0523926 0
1.865 0.0526012 0
1.875 0.052835 0
1.885 0.053019 0
1.895 0.0532127 0
1.905 0.0534219 0
1.915 0.0535253 0
1.925 0.0537722 0
1.935 0.0539507 0
1.945 0.0541038 0
1.955 0.0543466 0
1.965 0.0546034 0
1.975 0.0547101 0
1.985 0.0549733 0
1.995 0.0551603 0
2.005 0.0553993 0
2.015 0.0556332 0
2.025 0.0558251 0
2.035 0.0560955 0
2.045 0.0562582 0
2.055 0.0564573 0
2.065 0.0566987 0
2.075 0.0569582 0
2.085 0.0572016 0
2.095 0.0574978 0
2.105 0.0576385 0
2.115 0.0579247 0
2.125 0.0582469 0
2.135 0.0584052 0
2.145 0.0586396 0
2.155 0.0589173 0
2.165 0.0592204 0
2.175 0.0595023 0
2.185 0.0597515 0
2.195 0.0599903 0
2.205 0.0602899 0
2.215 0.0606368 0
2.225 0.0609026 0
2.235 0.0612317 0
2.245 0.0615372 0
2.255 0.0617979 0
2.265 0.062175 0
2.275 0.0625502 0
2.285 0.0628619 0
2.295 0.0632221 0
2.305 0.0635286 0
2.315 0.0638193 0
2.325 0.0642731 0
2.335 0.064688 0
2.345 0.0650176 0
2.355 0.0654439 0
2.365 0.0658407 0
2.375 0.0661992 0
2.385 0.0666371 0
2.395 0.067039 0
2.405 0.0674312 0
2.415 0.0678831 0
2.425 0.0683165 0
2.435 0.0687446 0
2.445 0.0692375 0
2.455 0.0697237 0
2.465 0.070243 0
2.475 0.0707815 0
2.485 0.0712595 0
2.495 0.0719021 0
2.505 0.0723503 0
2.515 0.0729595 0
2.525 0.0735542 0
2.535 0.0741599 0
2.545 0.0747654 0
2.555 0.0753479 0
2.565 0.0759583 0
2.575 0.0765881 0
2.585 0.0772979 0
2.595 0.0780157 0
2.605 0.0788131 0
2.615 0.0795531 0
2.625 0.0802451 0
2.635 0.0810651 0
2.645 0.0818127 0
2.655 0.0827342 0
2.665 0.0836737 0
2.675 0.0845422 0
2.685 0.0855464 0
2.695 0.086519 0
2.705 0.0876373 0
2.715 0.0886986 0
2.725 0.0899123 0
2.735 0.0910276 0
2.745 0.0922606 0
2.755 0.0935806 0
2.765 0.0949219 0
2.775 0.0963007 0
2.785 0.0978245 0
2.795 0.0994058 0
2.805 0.101076 0
2.815 0.102739 0
2.825 0.104651 0
2.835 0.106646 0
2.845 0.108809 0
2.855 0.11111 0
2.865 0.113587 0
2.875 0.116168 0
2.885 0.119081 0
2.895 0.122247 0
2.905 0.125767 0
2.915 0.129555 0
2.925 0.133784 0
2.935 0.138302 0
2.945 0.1433 0
2.955 0.148615 0
2.965 0.154199 0
2.975 0.159809 0
2.985 0.165414 0
2.995 0.170523 0
3.005 0.174651 0
3.015 0.177708 0
3.025 0.178727 0
3.035 0.177764 0
3.045 0.174329 0
3.055 0.168471 0
3.065 0.160134 0
3.075 0.149511 0
3.085 0.136531 0
3.095 0.121905 0
3.105 0.10682 0
3.115 0.0914225 0
3.125 0.0764152 0
3.135 0.0625085 0
3.145 0.0499651 0
3.155 0.0388273 0
3.165 0.0294938 0
3.175 0.0218501 0
3.185 0.0158755 0
3.195 0.0111375 0
3.205 0.00748859 0
3.215 0.00501038 0
3.225 0.00327104 0
3.235 0.00208322 0
3.245 0.00130378 0
3.255 0.000790515 0
3.265 0.000494987 0
3.275 0.000291386 0
3.285 0.000162929 0
3.295 0.00012105 0
3.305 6.49378e-05 0
3.315 7.01653e-05 0
3.325 3.29216e-05 0
3.335 6.76312e-05 0
3.345 3.74523e-05 0
3.355 5.47387e-05 0
3.365 3.44092e-05 0
3.375 1.66881e-05 0
3.385 3.52984e-05 0
3.395 3.95899e-05 0
3.405 1.77507e-05 0
3.415 4.06382e-05 0
3.425 2.2343e-05 0
3.435 2.87768e-05 0
3.445 2.81935e-05 0
3.455 4.09394e-05 0
3.465 2.95105e-05 0
3.475 3.4822e-05 0
3.485 4.25376e-05 0
3.495 3.37811e-05 0
3.505 5.81997e-05 0
3.515 3.4878e-05 0
3.525 3.49333e-05 0
3.535 2.57279e-05 0
3.545 3.917e-05 0
3.555 1.54495e-05 0
3.565 2.66146e-05 0
3.575 4.90869e-05 0
3.585 1.53156e-05 0
3.595 3.24893e-05 0
3.605 4.37888e-05 0
3.615 2.3468e-05 0
3.625 2.67672e-05 0
3.635 3.8321e-05 0
3.645 2.62617e-05 0
3.655 3.56896e-05 0
3.665 4.98427e-05 0
3.675 4.42746e-05 0
3.685 3.87467e-05 0
3.695 4.65603e-05 0
3.705 3.75688e-05 0
3.715 2.68635e-05 0
3.725 1.6512e-05 0
3.735 3.67878e-05 0
3.745 3.69748e-05 0
3.755 1.75719e-05 0
3.765 2.86662e-05 0
3.775 2.12089e-05 0
3.785 7.12625e-05 0
3.795 3.20518e-05 0
3.805 2.74698e-05 0
3.815 2.54654e-05 0
3.825 4.03787e-05 0
3.835 2.37828e-05 0
3.845 4.48006e-05 0
3.855 4.18683e-05 0
3.865 3.77274e-05 0
3.875 2.83173e-05 0
3.885 4.87787e-05 0
3.895 2.44873e-05 0
3.905 4.33514e-05 0
3.915 4.33719e-05 0
3.925 2.72576e-05 0
3.935 2.04309e-05 0
3.945 2.63305e-05 0
3.955 3.71604e-05 0
3.965 2.59475e-05 0
3.975 4.58136e-05 0
3.985 2.70359e-05 0
3.995 1.96921e-05 0
