0.005 1.12502 0
0.015 1.13378 0
0.025 1.14433 0
0.035 1.14156 0
0.045 1.14333 0
0.055 1.14854 0
0.065 1.16661 0
0.075 1.16061 0
0.085 1.1788 0
0.095 1.19086 0
0.105 1.1877 0
0.115 1.18772 0
0.125 1.19408 0
0.135 1.18269 0
0.145 1.19649 0
0.155 1.20712 0
0.165 1.20961 0
0.175 1.2089 0
0.185 1.22534 0
0.195 1.2369 0
0.205 1.23376 0
0.215 1.22974 0
0.225 1.2392 0
0.235 1.24493 0
0.245 1.24021 0
0.255 1.24641 0
0.265 1.24244 0
0.275 1.25371 0
0.285 1.25339 0
0.295 1.24713 0
0.305 1.24991 0
0.315 1.26516 0
0.325 1.25898 0
0.335 1.25879 0
0.345 1.2641 0
0.355 1.25969 0
0.365 1.27832 0
0.375 1.27164 0
0.385 1.27665 0
0.395 1.27634 0
0.405 1.28636 0
0.415 1.29574 0
0.425 1.31057 0
0.435 1.30155 0
0.445 1.31458 0
0.455 1.30489 0
0.465 1.31791 0
0.475 1.31704 0
0.485 1.31274 0
0.495 1.31027 0
0.505 1.31948 0
0.515 1.32017 0
0.525 1.33482 0
0.535 1.33173 0
0.545 1.34168 0
0.555 1.34325 0
0.565 1.33384 0
0.575 1.33871 0
0.585 1.34871 0
0.595 1.34706 0
0.605 1.35469 0
0.615 1.35491 0
0.625 1.36316 0
0.635 1.37004 0
0.645 1.3585 0
0.655 1.3576 0
0.665 1.37091 0
0.675 1.34448 0
0.685 1.35904 0
0.695 1.38435 0
0.705 1.38106 0
0.715 1.38371 0
0.725 1.37621 0
0.735 1.38957 0
0.745 1.38809 0
0.755 1.4005 0
0.765 1.39712 0
0.775 1.40608 0
0.785 1.41175 0
0.795 1.41498 0
0.805 1.42476 0
0.815 1.41694 0
0.825 1.42138 0
0.835 1.41161 0
0.845 1.41155 0
0.855 1.408 0
0.865 1.40777 0
0.875 1.4107 0
0.885 1.42587 0
0.895 1.42327 0
0.905 1.43684 0
0.915 1.43478 0
0.925 1.43979 0
0.935 1.4468 0
0.945 1.44951 0
0.955 1.44753 0
0.965 1.44911 0
0.975 1.45428 0
0.985 1.4582 0
0.995 1.46361 0
1.005 1.46565 0
1.015 1.46991 0
1.025 1.46875 0
1.035 1.46206 0
1.045 1.47124 0
1.055 1.48122 0
1.065 1.49818 0
1.075 1.49437 0
1.085 1.50997 0
1.095 1.51026 0
1.105 1.50603 0
1.115 1.49853 0
1.125 1.5198 0
1.135 1.50508 0
1.145 1.52168 0
1.155 1.50702 0
1.165 1.52016 0
1.175 1.52494 0
1.185 1.52456 0
1.195 1.53488 0
1.205 1.52641 0
1.215 1.52451 0
1.225 1.52887 0
1.235 1.5445 0
1.245 1.55218 0
1.255 1.55966 0
1.265 1.55828 0
1.275 1.55351 0
1.285 1.56267 0
1.295 1.56756 0
1.305 1.56668 0
1.315 1.5793 0
1.325 1.58033 0
1.335 1.57246 0
1.345 1.57686 0
1.355 1.58963 0
1.365 1.59912 0
1.375 1.59764 0
1.385 1.59928 0
1.395 1.61195 0
1.405 1.61972 0
1.415 1.60701 0
1.425 1.61217 0
1.435 1.61185 0
1.445 1.62538 0
1.455 1.64007 0
1.465 1.63327 0
1.475 1.65118 0
1.485 1.63445 0
1.495 1.64636 0
1.505 1.65522 0
1.515 1.65509 0
1.525 1.64434 0
1.535 1.66038 0
1.545 1.66863 0
1.555 1.67786 0
1.565 1.67819 0
1.575 1.68092 0
1.585 1.68325 0
1.595 1.68075 0
1.605 1.69602 0
1.615 1.69257 0
1.625 1.69605 0
1.635 1.69636 0
1.645 1.7112 0
1.655 1.71638 0
1.665 1.7292 0
1.675 1.7295 0
1.685 1.73004 0
1.695 1.73577 0
1.705 1.7334 0
1.715 1.74111 0
1.725 1.74001 0
1.735 1.75049 0
1.745 1.75361 0
1.755 1.77139 0
1.765 1.76887 0
1.775 1.77855 0
1.785 1.78186 0
1.795 1.78547 0
1.805 1.78358 0
1.815 1.79715 0
1.825 1.81769 0
1.835 1.81763 0
1.845 1.81174 0
1.855 1.83179 0
1.865 1.82757 0
1.875 1.83393 0
1.885 1.82061 0
1.895 1.8441 0
1.905 1.85407 0
1.915 1.87424 0
1.925 1.85652 0
1.935 1.87472 0
1.945 1.86842 0
1.955 1.88392 0
1.965 1.88845 0
1.975 1.89373 0
1.985 1.90976 0
1.995 1.91914 0
2.005 1.92541 0
2.015 1.92441 0
2.025 1.92057 0
2.035 1.93715 0
2.045 1.95633 0
2.055 1.95635 0
2.065 1.96901 0
2.075 1.96397 0
2.085 1.98427 0
2.095 1.98772 0
2.105 1.99411 0
2.115 2.00037 0
2.125 2.00398 0
2.135 2.02284 0
2.145 2.03517 0
2.155 2.02541 0
2.165 2.04259 0
2.175 2.06247 0
2.185 2.07339 0
2.195 2.08014 0
2.205 2.07822 0
2.215 2.09052 0
2.225 2.08931 0
2.235 2.11343 0
2.245 2.13193 0
2.255 2.13109 0
2.265 2.15979 0
2.275 2.16084 0
2.285 2.17867 0
2.295 2.18913 0
2.305 2.19254 0
2.315 2.20316 0
2.325 2.21201 0
2.335 2.22908 0
2.345 2.22983 0
2.355 2.24995 0
2.365 2.26456 0
2.375 2.2837 0
2.385 2.29174 0
2.395 2.30334 0
2.405 2.32324 0
2.415 2.33687 0
2.425 2.34969 0
2.435 2.36213 0
2.445 2.3706 0
2.455 2.40437 0
2.465 2.40708 0
2.475 2.41912 0
2.485 2.435 0
2.495 2.47261 0
2.505 2.486 0
2.515 2.50823 0
2.525 2.52534 0
2.535 2.54864 0
2.545 2.56783 0
2.555 2.57932 0
2.565 2.60404 0
2.575 2.63645 0
2.585 2.66869 0
2.595 2.68858 0
2.605 2.71178 0
2.615 2.72752 0
2.625 2.75789 0
2.635 2.78341 0
2.645 2.81344 0
2.655 2.84933 0
2.665 2.88558 0
2.675 2.9173 0
2.685 2.95434 0
2.695 2.99861 0
2.705 3.03332 0
2.715 3.07027 0
2.725 3.11534 0
2.735 3.17085 0
2.745 3.23349 0
2.755 3.28342 0
2.765 3.34355 0
2.775 3.39913 0
2.785 3.46438 0
2.795 3.5417 0
2.805 3.60683 0
2.815 3.67773 0
2.825 3.76876 0
2.835 3.85902 0
2.845 3.9535 0
2.855 4.0587 0
2.865 4.18312 0
2.875 4.31737 0
2.885 4.45983 0
2.895 4.62443 0
2.905 4.82092 0
2.915 5.05127 0
2.925 5.31626 0
2.935 5.67349 0
2.945 6.05042 0
2.955 6.50751 0
2.965 7.05918 0
2.975 7.65144 0
2.985 8.28363 0
2.995 9.02074 0
3.005 9.75096 0
3.015 10.5016 0
3.025 11.2603 0
3.035 12.0682 0
3.045 12.9 0
3.055 13.6819 0
3.065 14.4453 0
3.075 15.2062 0
3.085 15.9281 0
3.095 16.5676 0
3.105 17.253 0
3.115 17.9027 0
3.125 18.5093 0
3.135 19.0595 0
3.145 19.614 0
3.155 20.1885 0
3.165 20.6795 0
3.175 21.126 0
3.185 21.7062 0
3.195 22.3499 0
3.205 22.4691 0
3.215 22.7617 0
3.225 23.2294 0
3.235 23.7625 0
3.245 24.3069 0
3.255 24.4228 0
3.265 25.6977 0
3.275 24.8313 0
3.285 25.1229 0
3.295 24.7568 0
3.305 23.2935 0
3.315 22.7348 0
3.325 20.9318 0
3.335 18.3666 0
3.345 20.2212 0
3.355 11.5146 0
3.365 9.97239 0
3.375 12.9041 0
3.385 14.9754 0
3.395 11.1705 0
3.405 10.9696 0
3.415 9.30282 0
3.425 14.2479 0
3.435 4.82979 0
3.445 7.18365 0
3.455 13.0809 0
3.465 9.05724 0
3.475 6.94014 0
3.485 8.8886 0
3.495 8.46987 0
3.505 8.35308 0
3.515 7.39366 0
3.525 8.70944 0
3.535 11.1601 0
3.545 10.4888 0
3.555 9.04965 0
3.565 12.9588 0
3.575 5.4059 0
3.585 8.47688 0
3.595 8.3445 0
3.605 8.62198 0
3.615 9.09986 0
3.625 9.13098 0
3.635 12.8258 0
3.645 9.73998 0
3.655 13.3899 0
3.665 16.1338 0
3.675 9.20612 0
3.685 9.59046 0
3.695 10.4901 0
3.705 16.9485 0
3.715 8.8283 0
3.725 6.93982 0
3.735 8.47465 0
3.745 12.4587 0
3.755 10.5735 0
3.765 13.316 0
3.775 8.50602 0
3.785 13.4435 0
3.795 12.6739 0
3.805 10.6547 0
3.815 9.84946 0
3.825 9.98684 0
3.835 6.64112 0
3.845 4.86867 0
3.855 5.92429 0
3.865 10.0832 0
3.875 15.2836 0
3.885 11.3381 0
3.895 8.47857 0
3.905 11.4985 0
3.915 11.426 0
3.925 13.8168 0
3.935 13.1055 0
3.945 11.0628 0
3.955 8.18982 0
3.965 4.29982 0
3.975 4.87358 0
3.985 6.73379 0
3.995 8.44421 0
